0.50	0.50	0.19	0.55	0.53	0.95	0.01	0.77	-0.02	1.19	0.61	0.42	0.43	-0.02	0.40	0.17
-0.50	-0.50	-0.90	-0.68	-0.65	0.17	0.04	-0.72	-0.90	-0.40	-0.72	0.01	-0.71	0.00	-0.01	-0.05
0.50	0.50	0.58	0.05	0.01	0.86	0.99	0.85	0.94	0.72	0.07	0.09	0.96	1.16	0.37	0.44
-0.50	-0.50	-0.90	-0.46	-0.08	-1.00	0.07	-0.32	-0.95	-0.34	-0.43	-0.32	-0.31	-0.13	-1.01	-0.46
0.50	0.50	0.49	0.67	-0.17	0.54	0.85	0.06	0.37	1.10	0.99	1.12	1.12	0.93	0.39	0.50
-0.50	-0.50	-0.55	-1.09	-0.78	-1.06	0.16	-0.45	-0.19	-1.05	-1.03	-1.18	-0.24	-0.76	-1.17	-0.47
0.50	0.50	0.06	0.91	0.90	-0.13	0.37	0.39	0.37	1.06	-0.02	0.84	0.41	0.83	0.50	0.68
-0.50	-0.50	0.08	-1.12	0.12	-0.38	-1.18	-0.17	-0.91	0.06	0.12	-0.76	-0.48	0.00	-1.13	-1.12
0.50	0.50	0.31	0.88	0.61	-0.04	0.89	0.22	0.68	1.18	0.32	1.01	0.99	0.10	0.67	0.91
-0.50	-0.50	-0.93	0.15	-0.32	-0.04	-0.36	-0.70	0.08	-0.43	-0.04	-0.31	-0.22	-0.58	-0.45	-1.07
0.50	0.50	1.02	0.87	0.39	0.55	0.41	0.74	0.62	0.49	-0.06	0.66	0.48	1.06	-0.18	0.52
-0.50	-0.50	-0.63	-0.11	0.04	-0.61	-0.70	-0.29	-0.28	-0.05	0.08	-0.70	-0.70	-0.90	0.05	-0.23
0.50	0.50	0.50	1.18	0.63	0.15	-0.13	-0.19	0.48	0.45	0.54	0.73	0.22	1.05	0.96	0.89
-0.50	-0.50	-0.96	-1.10	-0.65	-0.38	-0.07	-0.75	0.17	-0.15	0.01	-0.97	-0.31	0.08	-1.04	0.18
0.50	0.50	0.04	0.98	0.63	0.70	0.77	0.88	0.01	0.45	0.35	0.18	0.61	0.04	0.39	-0.13
-0.50	-0.50	0.06	-0.12	0.00	-0.81	-0.28	-0.73	-0.17	-0.73	-0.89	-0.27	-0.63	-0.13	-0.43	0.02
0.50	0.50	0.07	0.99	1.16	0.01	0.46	0.17	0.58	0.62	0.85	-0.07	0.28	0.03	0.07	1.15
-0.50	-0.50	-0.70	-0.10	-0.64	-0.84	-0.37	-0.76	0.07	-0.12	-0.22	-1.02	-1.08	-0.64	-0.65	-0.56
0.50	0.50	-0.03	0.79	0.52	0.83	0.48	1.05	0.99	0.11	-0.06	0.78	0.91	0.01	-0.05	0.21
-0.50	-0.50	-0.69	-0.22	-0.55	-0.92	-0.67	0.08	-0.88	-0.68	-1.01	-0.77	-0.24	-0.65	0.13	-0.29
0.50	0.50	0.55	-0.16	0.04	0.20	0.31	0.05	0.94	1.13	1.15	0.90	0.25	0.73	0.14	0.96
-0.50	-0.50	-0.50	-1.06	-0.44	0.03	-0.62	-0.68	-0.95	-0.13	-0.29	-1.18	0.18	-0.51	-0.66	-0.61
0.50	0.50	0.60	1.05	1.19	0.94	0.12	0.41	0.29	0.81	0.36	0.55	0.60	0.67	0.84	0.84
-0.50	-0.50	-1.03	-1.01	-1.06	-0.05	-0.48	-1.18	-0.98	-0.77	-1.07	-1.06	-0.57	-1.15	-0.57	-0.25
0.50	0.50	0.74	0.18	0.48	0.35	-0.15	1.08	1.13	1.11	0.58	0.37	0.67	0.25	0.66	0.00
-0.50	-0.50	-0.24	-0.03	-0.54	-0.04	-0.96	-0.46	-0.50	-0.83	-0.42	-0.18	-0.13	-0.80	-1.05	-0.43
0.50	0.50	0.45	1.16	1.18	0.00	0.14	0.97	0.06	0.76	0.22	0.38	0.47	0.55	1.07	-0.13
-0.50	-0.50	-0.78	-0.02	-0.19	0.00	-0.30	-0.36	-0.83	-0.05	-0.05	-0.33	-0.73	-0.50	-0.37	-0.33
0.50	0.50	0.65	0.23	0.46	0.74	0.85	0.04	-0.11	-0.02	0.55	0.82	0.77	0.09	0.96	0.99
-0.50	-0.50	-0.67	-0.21	-0.16	-0.59	-0.92	0.18	-0.10	-0.36	-0.93	-0.38	-0.12	0.15	0.06	-0.59
0.50	0.50	0.21	0.52	0.81	1.09	0.67	0.65	1.19	-0.18	-0.12	0.46	0.64	0.08	1.05	0.31
-0.50	-0.50	0.20	-0.51	-0.74	-0.91	-0.65	-0.74	-0.29	-0.49	0.06	-1.05	-0.86	-1.10	-1.02	0.17
0.50	0.50	1.11	0.92	-0.17	0.72	0.88	0.80	1.12	0.54	1.02	0.72	0.06	0.57	0.45	-0.01
-0.50	-0.50	-1.13	-0.31	-1.14	-0.82	-0.61	-0.74	-0.32	-0.52	-0.21	0.19	-0.36	0.12	-1.08	-0.40
0.50	0.50	0.83	1.18	0.45	0.31	-0.15	1.05	0.75	0.55	1.02	1.14	0.86	1.04	1.11	0.23
-0.50	-0.50	-0.20	-1.11	-0.86	-0.61	-0.34	0.05	-0.29	0.04	-0.37	0.19	0.08	-1.19	0.10	-0.20
0.50	0.50	1.09	0.72	1.02	0.65	0.62	-0.05	-0.02	0.04	0.48	0.43	0.95	0.49	0.13	1.08
-0.50	-0.50	-0.91	-0.78	-0.22	-0.70	-0.59	-0.13	-0.63	0.13	0.17	-0.64	0.10	-0.99	-0.57	-0.24
0.50	0.50	0.24	0.28	1.05	0.68	0.95	0.57	0.28	0.81	0.12	0.30	1.08	0.98	0.86	1.00
-0.50	-0.50	0.08	-0.95	0.05	-0.99	-0.75	-0.01	-0.67	-0.56	-0.44	0.20	-0.23	-0.31	-0.94	-0.88
0.50	0.50	0.92	-0.07	0.54	0.38	0.41	-0.02	0.54	0.35	0.37	-0.06	0.22	0.65	0.23	0.74
-0.50	-0.50	-0.61	-0.74	-0.01	-0.36	-0.88	-0.69	-0.40	-0.61	-0.76	-0.99	0.15	0.09	-0.09	-0.60
0.50	0.50	0.11	-0.19	0.76	0.82	0.26	0.89	0.39	0.18	0.16	0.82	1.07	0.79	0.67	0.51
-0.50	-0.50	0.00	-1.04	-0.39	-0.90	0.14	-0.46	-0.91	-1.05	0.12	-0.39	-0.31	-0.21	-0.58	-0.05
0.50	0.50	0.95	0.64	-0.12	-0.19	0.51	0.42	-0.14	0.69	0.77	0.14	0.56	1.15	1.16	0.27
-0.50	-0.50	-0.29	0.04	0.15	0.16	-0.42	-0.06	-1.05	-0.50	-0.01	-0.89	-0.65	0.06	-0.38	-0.34
0.50	0.50	0.83	0.38	0.76	0.94	0.39	0.32	0.50	1.05	1.16	0.60	0.85	0.25	-0.05	-0.08
-0.50	-0.50	0.14	0.04	-0.14	-0.30	-0.45	-1.17	-0.05	-1.02	-0.41	-0.86	-0.46	-0.51	-0.91	-0.60
0.50	0.50	1.18	1.15	-0.15	0.15	0.47	0.65	0.05	-0.18	1.14	0.35	0.21	0.92	-0.15	1.04
-0.50	-0.50	-0.11	-0.53	-1.17	-0.21	-1.07	-1.05	-0.21	-0.92	-0.64	-0.90	-1.16	-1.03	-0.86	-0.77
0.50	0.50	1.09	1.02	1.16	0.21	0.00	-0.19	-0.08	0.14	0.46	0.15	0.97	0.22	0.19	0.20
-0.50	-0.50	-1.15	-0.89	0.14	-0.40	-1.13	-0.85	-0.82	-0.85	-0.29	-0.63	-0.96	-0.01	-0.74	-0.98
0.50	0.50	0.73	0.82	0.08	0.44	0.35	0.35	1.07	1.01	-0.03	1.15	0.51	0.35	-0.11	0.24
-0.50	-0.50	-0.71	-0.69	-1.06	-0.15	-1.07	-0.90	-0.33	-0.45	-1.10	-0.76	-0.22	0.03	-0.16	-0.59
0.50	0.50	-0.18	0.99	1.05	-0.13	1.19	0.68	0.83	0.09	0.84	1.10	0.79	0.25	0.38	1.12
-0.50	-0.50	-0.80	-0.52	-0.98	-1.17	-1.07	-0.83	-0.31	0.03	-0.25	0.11	-0.93	-0.35	-0.24	-0.91
0.50	0.50	0.28	0.34	0.20	0.37	0.59	0.05	-0.15	0.11	1.10	0.46	0.49	-0.15	0.24	0.10
-0.50	-0.50	-0.49	-0.42	-1.19	-0.95	-0.18	-1.03	-0.34	-0.42	-0.56	-0.58	-0.43	-0.12	-0.05	-0.64
0.50	0.50	1.18	0.64	0.35	0.79	0.06	0.44	0.16	0.26	0.36	0.43	-0.08	-0.13	0.06	0.42
-0.50	-0.50	0.16	-0.12	-0.36	0.09	-1.18	-0.51	-0.87	-0.32	-0.72	0.13	-0.76	-1.12	-0.49	-0.88
0.50	0.50	0.25	0.39	0.11	0.35	0.57	1.12	0.32	0.17	0.20	1.14	0.96	-0.07	1.02	0.58
-0.50	-0.50	-0.42	-0.05	-0.96	-0.75	-1.17	-0.73	-0.85	0.10	0.16	0.05	-0.70	-1.16	-0.17	-0.54
0.50	0.50	1.19	-0.09	-0.17	0.64	0.13	1.13	1.04	0.28	0.36	0.83	-0.16	0.49	0.56	-0.08
-0.50	-0.50	-0.21	-0.34	-1.00	-0.26	-0.88	-0.66	-0.06	-1.09	-0.75	0.16	-0.15	-0.84	0.04	0.11
0.50	0.50	0.57	0.12	-0.05	0.76	-0.08	0.34	0.96	0.39	0.77	0.25	0.33	0.02	1.15	-0.14
-0.50	-0.50	-0.89	0.10	0.14	-0.32	0.15	-0.17	-0.72	0.16	-0.30	-0.63	-0.07	-0.30	-0.63	-0.25
0.50	0.50	-0.06	0.04	0.64	1.03	-0.02	-0.10	1.15	0.58	0.37	0.15	0.19	0.26	0.15	1.14
-0.50	-0.50	0.14	0.14	-1.11	-0.45	-0.79	0.03	-0.39	-0.44	-0.07	-0.87	-0.26	-0.13	-0.79	-0.28
0.50	0.50	0.21	0.95	0.98	0.92	0.47	0.41	0.43	0.22	0.74	-0.18	0.25	0.27	0.09	0.87
-0.50	-0.50	-0.71	-0.73	-0.69	-0.84	-0.97	0.04	-0.15	-0.53	-0.40	-0.58	0.13	-1.01	-0.66	-0.33
0.50	0.50	0.90	0.47	-0.20	-0.14	0.09	0.14	1.02	0.41	0.36	0.74	0.00	0.13	1.11	0.79
-0.50	-0.50	0.11	-1.04	-0.38	0.00	-0.04	-0.12	-0.36	-0.80	-0.94	-0.83	-0.65	-0.46	-0.86	-0.51
0.50	0.50	0.57	0.97	-0.02	0.96	0.88	-0.14	0.98	1.03	-0.05	0.06	0.57	0.48	-0.12	0.54
-0.50	-0.50	-1.12	-0.82	-0.32	-0.42	-0.95	-1.13	-0.92	-0.22	-0.01	-1.11	0.08	0.09	-0.46	-0.19
0.50	0.50	0.64	0.75	1.02	0.01	0.42	0.29	0.10	0.00	0.42	-0.15	-0.12	0.04	0.89	0.01
-0.50	-0.50	0.18	-1.14	-0.37	-0.82	-1.09	-0.16	-0.46	-0.57	-0.81	-0.36	-0.95	-0.84	-0.76	-0.62
0.50	0.50	0.52	0.40	1.06	0.79	0.19	0.37	0.78	-0.20	1.18	0.69	0.69	-0.05	1.03	0.21
-0.50	-0.50	-0.92	-0.50	-1.16	-0.65	-0.40	-0.03	0.08	0.03	-0.26	-0.75	-0.28	-0.58	-0.89	-0.61
0.50	0.50	0.61	0.51	0.84	1.12	0.53	-0.05	1.12	0.41	1.02	0.85	0.67	0.03	0.50	0.33
-0.50	-0.50	-0.82	-0.39	-0.69	-0.55	-0.01	-0.91	-1.14	-1.20	-1.14	0.06	-0.78	-0.11	-0.80	0.01
0.50	0.50	0.93	0.64	0.93	0.45	0.16	0.93	0.94	0.88	-0.03	-0.03	1.18	0.86	0.82	0.50
-0.50	-0.50	-0.86	-0.51	-1.19	-1.10	-0.80	0.16	-0.32	-0.28	-0.72	-0.33	-1.12	-0.31	-0.15	0.05
0.50	0.50	-0.10	0.81	0.66	0.84	0.05	0.66	1.04	1.14	0.17	0.34	0.46	0.86	0.99	-0.04
-0.50	-0.50	-0.92	-0.80	-0.95	-0.78	-1.12	-0.93	-0.52	-0.27	-0.36	-0.20	0.00	-0.05	0.07	-0.52
0.50	0.50	1.15	0.86	-0.12	1.01	0.20	1.00	0.12	-0.19	0.14	0.05	0.39	1.12	0.76	0.42
-0.50	-0.50	-0.88	-0.23	-0.01	-0.01	-1.11	0.02	0.03	-0.30	-0.35	0.18	-0.54	-0.24	-0.16	-1.15
0.50	0.50	0.68	1.10	1.13	0.95	0.03	0.74	0.80	0.26	1.11	0.55	0.70	1.13	0.50	1.12
-0.50	-0.50	-0.83	-1.06	-0.33	0.00	-0.19	-0.55	-0.10	-0.84	-0.43	-0.45	-1.09	-0.08	-1.11	-0.16
0.50	0.50	-0.14	0.94	0.15	0.39	0.96	0.47	0.18	1.07	0.61	0.12	0.40	0.59	0.67	0.68
-0.50	-0.50	-0.16	-0.68	-1.08	-0.99	-0.67	-0.47	-1.00	-0.39	0.15	0.00	-0.10	-0.93	-1.00	0.15
0.50	0.50	0.43	0.42	0.56	1.03	0.33	0.86	0.90	0.72	0.04	0.24	1.04	0.57	-0.14	0.07
-0.50	-0.50	-0.18	0.20	-0.39	-1.11	-0.16	-0.18	-0.12	-1.16	-0.37	0.10	0.12	-0.47	-0.24	0.04
0.50	0.50	0.31	0.33	0.40	0.28	1.10	1.04	0.66	0.50	0.89	0.44	0.08	0.95	-0.19	0.58
-0.50	-0.50	-0.71	-0.61	-0.32	-0.30	-0.22	-0.92	-0.33	-0.45	-0.07	-0.04	0.03	-0.10	0.12	-0.90
0.50	0.50	0.04	0.96	0.30	0.07	0.59	0.29	0.57	1.02	1.11	-0.15	-0.11	0.16	0.39	0.76
-0.50	-0.50	-0.39	-0.66	0.06	-1.12	-0.04	0.00	-0.20	-1.11	-1.05	-0.80	0.14	-0.91	-0.39	-1.17
0.50	0.50	-0.06	0.00	0.82	0.19	-0.02	-0.01	0.14	-0.14	0.47	0.09	0.21	0.07	0.78	0.16
-0.50	-0.50	-0.52	-0.68	-0.80	-0.94	-0.29	-0.74	-0.76	-0.04	-1.05	-0.19	-0.84	-0.92	-0.59	-0.31
0.50	0.50	0.51	0.03	0.76	0.43	0.74	0.30	0.86	0.04	0.51	0.68	-0.16	0.84	0.98	0.36
-0.50	-0.50	-0.83	-0.02	-0.20	-0.78	-0.67	-0.33	-0.12	-0.64	0.01	-0.07	-0.68	-0.31	-0.40	-0.89
0.50	0.50	0.91	0.91	0.51	0.51	0.25	0.28	0.08	1.15	1.08	-0.02	0.17	0.84	0.56	0.99
-0.50	-0.50	-0.81	-0.28	0.11	-0.18	-0.81	-1.01	-0.31	-0.52	-0.10	0.03	-0.82	-0.24	-0.03	-0.76
0.50	0.50	-0.12	0.37	0.88	0.11	0.99	0.09	-0.04	1.13	1.13	0.65	-0.06	0.33	0.60	0.30
-0.50	-0.50	-0.70	-0.42	-0.66	-1.09	-0.03	-0.44	-0.79	-0.84	-0.91	-1.15	-0.26	-0.21	-1.08	0.15
0.50	0.50	0.71	0.47	0.23	0.74	1.04	0.91	0.57	0.26	0.24	0.30	0.85	0.58	0.35	0.32
-0.50	-0.50	-0.86	0.16	-0.58	-1.11	0.03	-0.23	-1.11	-0.15	-0.17	-1.10	-0.74	-1.16	-1.19	0.17
0.50	0.50	0.96	0.30	0.81	0.38	1.08	-0.11	0.98	0.28	0.11	0.42	-0.18	0.25	0.90	0.61
-0.50	-0.50	-0.52	-1.17	0.03	-0.02	-0.61	0.09	-0.53	-0.76	-0.25	-0.33	-0.90	-0.01	-0.92	-0.16
0.50	0.50	-0.19	0.85	-0.19	0.07	0.81	0.95	-0.15	1.07	0.13	0.02	-0.01	0.60	0.27	1.06
-0.50	-0.50	-0.29	-1.17	-0.74	-1.02	-0.67	-0.14	-1.01	-1.19	-0.53	-0.02	-0.92	-0.16	-0.92	-0.23
0.50	0.50	0.34	0.39	0.59	0.53	0.09	0.38	0.87	-0.02	0.47	0.00	-0.17	0.89	-0.03	0.16
-0.50	-0.50	-0.14	-0.46	-0.38	-1.15	-0.26	0.20	-0.94	-1.03	-0.80	-0.49	-0.17	-0.35	-0.94	-0.51
0.50	0.50	0.85	0.59	-0.08	0.56	1.06	0.36	0.61	0.24	0.41	0.94	0.25	0.37	-0.14	0.97
-0.50	-0.50	-0.04	-0.43	-0.36	-1.04	-0.70	-0.45	-1.16	-0.93	0.18	-0.33	-1.04	-0.04	-0.62	-0.18
0.50	0.50	-0.04	0.85	0.75	0.39	0.56	1.11	0.50	1.08	-0.13	0.59	0.37	1.09	0.71	0.40
-0.50	-0.50	-0.11	-1.14	-0.36	-0.98	0.17	-0.90	-0.08	-0.75	0.13	-0.13	-0.94	-0.97	-1.10	-0.37
0.50	0.50	-0.16	-0.04	0.59	0.48	0.12	0.56	0.24	0.54	0.39	0.44	0.01	1.16	0.33	1.20
-0.50	-0.50	-0.54	-0.33	-0.75	0.16	-0.06	-0.94	-0.38	-0.75	-0.12	-0.88	0.08	-0.79	-1.01	-0.64
0.50	0.50	1.02	0.10	1.05	-0.07	0.09	0.80	0.74	0.95	0.80	0.52	0.03	0.00	1.20	0.08
-0.50	-0.50	-0.47	-0.04	-0.44	-0.23	-0.24	-1.12	-0.05	-0.74	-0.70	-0.75	0.13	-0.38	-0.57	-0.95
0.50	0.50	0.02	0.92	0.80	0.41	0.08	0.06	0.94	1.17	1.19	0.90	0.46	0.10	-0.15	0.54
-0.50	-0.50	0.19	-0.24	0.11	-0.89	-0.44	-0.10	-1.11	-0.98	-0.36	-0.80	-0.96	-0.74	-0.22	-0.13
0.50	0.50	0.79	0.33	-0.06	0.33	0.47	0.84	0.22	-0.03	0.65	0.68	0.44	0.68	-0.18	0.72
-0.50	-0.50	0.04	-1.13	-1.04	-0.52	-0.57	-0.62	-0.28	-0.10	-0.87	-0.29	-0.91	-0.34	-0.45	-1.06
0.50	0.50	0.99	0.42	0.90	1.16	0.89	0.79	1.02	-0.20	0.37	1.05	0.92	0.66	0.66	0.11
-0.50	-0.50	-0.89	-0.70	-0.25	-0.61	0.05	-0.16	-0.10	-0.08	-0.14	-0.28	-0.44	-0.39	0.03	-0.39
0.50	0.50	0.80	1.06	1.03	-0.19	0.12	1.08	0.27	0.53	0.33	0.72	0.84	0.79	-0.13	-0.07
-0.50	-0.50	-0.46	-0.66	-0.18	-1.06	-0.23	0.05	-0.67	0.14	-0.97	-0.08	-0.21	-0.09	-0.41	-0.07
0.50	0.50	-0.10	0.64	0.66	0.49	0.03	0.14	0.44	0.90	0.24	0.16	0.68	1.00	-0.14	0.90
-0.50	-0.50	-1.11	-0.40	-0.61	-1.11	-0.54	-0.13	-0.99	-0.37	-0.09	-0.42	-0.32	-0.84	-0.10	-0.38
0.50	0.50	-0.03	0.95	0.45	0.61	0.00	0.76	0.54	0.49	1.17	0.51	1.15	-0.07	0.20	0.46
-0.50	-0.50	0.05	-1.17	0.07	-0.83	-1.19	-1.10	-0.86	-0.55	-0.96	-0.79	-0.86	-0.78	-0.52	-0.40
0.50	0.50	0.25	0.02	-0.15	0.75	1.07	0.43	1.05	0.82	-0.11	0.16	0.68	0.53	0.63	-0.16
-0.50	-0.50	-0.88	-0.29	0.01	0.09	-0.20	-0.04	0.03	-1.12	-0.51	-0.48	-1.06	-0.93	-0.06	0.01
0.50	0.50	0.08	0.77	0.51	0.11	-0.18	0.04	0.51	0.52	0.87	0.62	0.21	1.10	0.23	0.79
-0.50	-0.50	0.17	-0.15	-0.77	-0.68	-0.50	-0.76	-0.98	-0.71	-0.45	-0.47	-0.10	-0.18	-0.11	-0.70
0.50	0.50	0.16	0.52	0.39	0.24	0.33	-0.02	0.46	0.09	1.17	-0.18	1.02	0.87	0.84	-0.03
-0.50	-0.50	0.15	-0.29	0.05	-0.56	-0.51	-1.17	0.18	-0.87	-0.56	-0.26	-0.82	-0.88	-0.91	-1.00
0.50	0.50	0.57	-0.05	0.61	-0.18	0.62	0.27	0.48	0.87	0.45	0.19	-0.07	1.17	1.11	0.79
-0.50	-0.50	0.09	-0.15	-1.17	-0.05	-0.64	-0.57	-0.47	-0.06	-0.55	-0.73	-0.40	-0.74	-0.33	-0.24
0.50	0.50	0.70	0.54	0.03	0.03	-0.04	0.99	0.94	-0.10	0.29	0.74	-0.14	0.85	0.51	0.01
-0.50	-0.50	-0.28	0.06	-0.72	-0.65	-1.04	-0.77	-0.38	0.13	-0.78	-0.88	-0.48	-0.74	-0.07	-0.37
0.50	0.50	-0.03	0.90	0.02	0.79	0.65	0.62	-0.12	0.26	0.55	0.22	0.11	0.65	-0.15	-0.04
-0.50	-0.50	-0.66	-1.20	-1.13	-0.32	-0.58	-0.59	-0.87	-1.11	-0.50	-1.02	-0.99	-0.92	-0.59	-0.52
0.50	0.50	0.25	1.20	1.17	0.90	0.73	0.82	-0.13	0.73	0.40	0.66	0.42	1.08	1.15	0.44
-0.50	-0.50	-0.55	-0.72	-1.07	-0.43	0.10	-0.40	0.19	-0.31	-0.93	-0.14	-0.93	-0.64	-1.02	-0.17
0.50	0.50	0.22	-0.09	1.00	0.41	-0.16	1.12	1.18	1.15	-0.11	0.14	0.13	0.75	0.77	0.33
-0.50	-0.50	-0.98	-0.01	-0.96	-0.95	-1.01	-1.14	-0.33	-0.30	0.07	-1.01	-0.96	-0.82	0.11	0.09
0.50	0.50	1.00	0.47	0.26	1.08	1.12	0.80	0.20	0.29	0.89	0.04	0.86	1.07	0.75	0.48
-0.50	-0.50	-0.28	-1.01	-0.64	-0.92	-0.67	-0.36	-0.63	-0.01	-0.23	-0.95	-0.04	-0.01	-0.90	-0.35
0.50	0.50	-0.17	1.06	-0.07	-0.03	0.95	-0.13	0.76	0.46	1.14	0.86	0.72	0.01	1.10	0.81
-0.50	-0.50	-0.91	-0.97	-1.06	-0.07	-0.95	-0.27	-0.82	-1.08	-0.14	-0.36	-0.72	0.12	-0.09	-0.03
0.50	0.50	0.54	0.14	0.12	0.88	1.12	0.80	0.80	0.74	0.58	1.05	0.92	0.08	0.13	0.09
-0.50	-0.50	-0.12	-1.10	-0.87	-0.36	0.12	0.19	-0.23	-0.46	0.15	-0.80	-1.11	-0.05	0.08	-0.29
0.50	0.50	0.48	0.81	0.50	-0.14	0.85	0.78	0.90	0.01	-0.12	0.72	1.05	-0.13	0.07	0.73
-0.50	-0.50	-0.57	-1.16	-0.53	-1.11	-0.66	-1.12	-0.70	-1.13	-1.14	-0.61	-0.22	-1.04	-0.12	-0.12
0.50	0.50	1.13	1.15	0.77	0.99	0.32	-0.02	0.02	0.63	-0.15	0.58	0.67	0.84	0.61	1.02
-0.50	-0.50	-0.76	-0.43	-0.84	-0.45	-0.36	-0.20	-0.23	-1.03	-0.93	-0.34	-0.52	0.13	-1.13	-0.37
0.50	0.50	0.45	0.84	0.23	0.42	0.07	1.06	-0.11	-0.16	0.49	0.92	1.10	1.19	1.18	1.00
-0.50	-0.50	-0.30	-0.16	0.11	-0.32	-0.30	-1.13	-0.87	-0.12	-1.19	-0.23	0.14	-1.17	-0.34	-0.71
0.50	0.50	0.10	-0.01	0.22	0.62	1.16	0.23	-0.19	-0.05	0.45	0.60	0.01	1.19	0.77	1.06
-0.50	-0.50	-0.66	-0.35	-1.05	-0.77	-0.28	-0.84	-0.30	-0.67	0.11	0.04	-0.22	-0.30	-0.98	-1.13
0.50	0.50	0.05	0.02	1.06	0.56	0.21	-0.19	0.48	-0.20	0.73	0.34	-0.04	0.68	-0.16	0.42
-0.50	-0.50	-1.08	-0.37	-1.19	-0.48	-0.84	0.14	-0.22	-0.57	0.03	-0.33	-0.18	-0.44	-0.33	0.19
0.50	0.50	0.30	0.14	-0.02	0.12	1.19	0.55	1.07	0.66	0.26	1.12	0.16	0.52	0.27	0.65
-0.50	-0.50	-1.15	-0.98	-0.37	-0.83	-0.94	-0.29	-1.10	-0.46	-1.03	-1.08	-1.04	-0.03	0.07	-0.77
0.50	0.50	0.42	-0.10	0.26	0.00	0.87	0.79	0.66	0.98	0.48	-0.16	1.16	-0.15	-0.15	0.59
-0.50	-0.50	0.17	-0.96	0.08	-0.81	0.14	-0.04	-1.02	-0.05	-0.91	-0.29	-0.25	-0.89	-1.14	-0.73
0.50	0.50	1.10	1.12	0.12	0.73	0.49	-0.07	0.30	0.73	1.06	0.68	1.00	1.07	0.65	0.34
-0.50	-0.50	0.13	-0.21	0.19	-0.70	-0.20	-1.00	-0.78	0.12	-1.10	-0.36	-0.99	-1.11	0.12	-1.00
0.50	0.50	0.54	0.40	1.13	0.50	0.23	0.18	0.57	0.09	-0.18	0.25	0.78	0.52	1.08	0.87
-0.50	-0.50	-0.95	-0.01	-1.03	-0.85	-0.19	-0.87	-0.65	-0.49	-0.66	-0.12	-0.37	-0.68	-0.67	-0.36
0.50	0.50	0.20	0.57	1.13	1.12	0.90	0.38	1.03	1.05	0.45	0.76	0.43	1.07	-0.07	-0.02
-0.50	-0.50	0.13	0.08	-0.63	-1.18	-0.24	0.18	0.16	-0.81	-0.94	-1.02	-0.30	-0.63	-0.93	-1.14
0.50	0.50	0.40	0.52	0.98	0.83	0.00	0.11	0.12	0.79	0.24	0.71	1.01	0.92	0.34	0.86
-0.50	-0.50	0.16	-0.05	-0.19	-0.31	-0.67	-0.43	-0.34	-0.83	-0.89	-0.65	-0.68	-0.99	-0.01	-0.04
0.50	0.50	-0.07	0.66	1.18	0.42	0.82	-0.13	-0.17	0.64	1.01	1.14	0.28	0.48	0.92	0.86
-0.50	-0.50	-0.67	-0.37	-0.36	-0.50	-0.52	-0.68	-0.38	-0.82	-1.15	-0.61	-1.06	-0.88	-0.34	-0.31
0.50	0.50	-0.01	0.37	0.34	0.63	0.82	-0.13	0.05	0.38	-0.20	1.11	0.01	0.11	0.29	1.15
-0.50	-0.50	-0.72	-0.93	0.07	-1.04	-0.32	-0.01	-0.61	-0.49	-0.04	-0.20	-0.75	0.04	0.04	-0.82
0.50	0.50	-0.10	1.06	0.79	0.42	0.07	0.03	1.14	0.18	-0.04	0.60	1.00	0.94	-0.15	1.01
-0.50	-0.50	-0.11	-0.88	-0.29	-0.19	-0.10	-0.68	-0.63	-0.94	-0.91	-0.29	-1.07	-1.03	0.11	-0.27
0.50	0.50	1.10	1.17	0.37	0.60	0.81	0.10	0.60	0.40	0.57	0.74	1.09	-0.01	0.75	0.73
-0.50	-0.50	-0.73	-0.10	0.02	-0.30	-0.54	-0.76	-0.50	-1.19	-0.17	-0.78	-0.17	-0.28	-1.09	-0.59
0.50	0.50	0.33	0.92	0.79	0.16	0.96	0.54	0.53	0.52	0.17	0.65	0.54	1.16	0.01	0.75
-0.50	-0.50	-1.13	-0.96	0.19	-0.79	-0.51	-1.07	-0.39	-0.93	-1.18	-0.78	0.18	-0.47	-0.65	-0.09
0.50	0.50	-0.01	0.45	0.93	0.39	0.39	-0.20	0.01	0.11	0.77	0.72	0.16	-0.12	0.44	0.95
-0.50	-0.50	-0.29	-1.15	-0.64	-0.46	-0.99	-1.12	-1.12	0.04	-0.23	-0.88	-0.47	-1.01	-0.90	-0.42
0.50	0.50	0.19	1.16	0.70	1.02	0.13	-0.12	0.94	0.26	0.88	0.54	0.90	0.02	0.75	0.72
-0.50	-0.50	-0.57	0.08	-0.85	-0.13	-0.22	-0.07	-0.03	-1.01	-0.25	-1.01	-0.68	-1.05	-0.47	-1.13
0.50	0.50	0.82	-0.19	1.10	0.75	0.76	0.04	0.48	-0.11	0.14	0.15	0.61	0.66	-0.09	0.89
-0.50	-0.50	-0.86	-0.25	-0.49	-1.05	-0.46	-0.93	-0.28	-0.39	-0.99	-0.64	0.10	-0.57	-0.92	0.00
0.50	0.50	1.02	0.17	0.44	1.18	0.39	0.05	0.67	0.19	-0.17	-0.13	0.59	-0.15	0.36	1.09
-0.50	-0.50	-0.45	-1.13	-0.47	-0.94	-0.68	-0.11	-0.73	-0.71	-0.12	-0.22	-0.49	-1.05	-0.59	-1.03
0.50	0.50	1.05	0.17	0.45	0.64	0.91	-0.12	0.77	0.82	-0.10	0.95	0.77	0.66	0.29	0.21
-0.50	-0.50	-0.79	-1.03	0.11	-1.09	-0.63	-0.60	-0.73	-0.09	-0.44	-1.12	-0.76	-0.23	-0.41	-0.97
0.50	0.50	-0.19	0.25	-0.18	0.64	0.50	-0.08	0.15	0.93	-0.01	0.48	0.29	1.09	0.93	0.63
-0.50	-0.50	-0.34	-0.87	0.08	-0.48	-0.11	0.14	-0.60	-0.81	-0.63	-0.44	0.05	0.19	-0.23	-0.85
0.50	0.50	0.07	1.06	0.37	0.66	0.09	0.13	0.07	0.10	-0.04	1.09	0.33	0.39	0.64	1.03
-0.50	-0.50	-0.44	-0.45	0.13	-0.93	-0.49	0.12	-0.60	0.17	-1.06	-1.14	0.18	0.16	-0.12	-1.10
0.50	0.50	0.71	-0.01	-0.16	-0.04	0.76	0.06	0.44	0.88	0.97	0.13	0.68	0.83	1.11	1.18
-0.50	-0.50	-0.64	-0.05	-0.27	-0.86	0.12	0.04	-0.39	-0.81	-1.12	-0.86	-0.38	0.08	-0.16	-0.06
0.50	0.50	0.63	0.22	0.92	0.98	0.05	0.61	0.38	1.06	0.20	0.64	-0.13	0.15	0.67	1.13
-0.50	-0.50	0.02	-1.20	-0.01	-1.16	-0.06	-0.80	0.09	0.09	-0.23	-0.35	-1.20	-0.14	-0.62	0.14
0.50	0.50	1.07	-0.07	0.85	0.52	0.36	0.47	0.36	0.49	0.75	-0.08	0.25	0.28	0.62	0.68
-0.50	-0.50	-0.14	-0.71	-1.03	-0.29	-0.08	-0.01	-0.03	-0.71	-0.94	-0.12	0.07	-0.35	0.03	-0.96
0.50	0.50	0.67	0.79	0.58	0.04	-0.05	0.29	1.14	1.03	0.72	1.09	0.19	0.95	-0.14	0.48
-0.50	-0.50	-0.13	-0.89	-0.07	-0.02	0.13	-1.18	-1.04	0.09	-0.70	0.02	-0.41	-0.79	-1.06	-0.99
0.50	0.50	0.36	1.03	0.60	0.67	0.07	0.96	0.44	0.92	0.67	0.25	-0.13	0.82	0.56	0.09
-0.50	-0.50	0.04	-0.37	-0.73	-0.65	-0.29	-0.74	-0.12	-0.36	-0.87	-0.22	0.05	-1.13	-0.64	0.10
0.50	0.50	-0.18	0.54	0.78	0.32	0.17	1.03	-0.14	1.01	0.47	0.15	1.17	0.01	0.68	0.42
-0.50	-0.50	-0.82	-0.87	-0.29	-0.19	0.19	-1.09	-0.89	-0.20	-0.38	-0.08	-0.96	-0.84	-0.47	-0.77
0.50	0.50	0.83	0.46	0.57	0.36	0.54	-0.12	0.17	0.32	0.79	0.86	0.02	-0.14	0.74	1.03
-0.50	-0.50	-1.07	-0.65	-0.70	-0.15	0.02	-1.02	0.15	-1.02	-0.90	-0.32	-0.25	-0.40	-1.05	-0.59
0.50	0.50	0.45	0.32	0.18	-0.02	0.01	-0.06	0.71	1.06	0.55	0.93	0.46	0.58	0.08	0.32
-0.50	-0.50	-0.05	-1.18	0.19	-0.64	-0.43	-0.93	-0.66	-0.12	-1.09	-1.17	-0.23	-0.43	-0.10	-0.58
0.50	0.50	1.03	0.42	-0.01	0.73	0.33	0.68	1.15	0.84	0.15	1.01	0.60	0.04	1.10	0.84
-0.50	-0.50	-1.01	-0.34	-0.75	-0.41	-0.67	-0.53	-0.94	-0.24	-0.03	-0.58	-0.32	-0.82	-0.28	-0.12
0.50	0.50	0.73	0.52	0.46	0.88	0.02	0.68	-0.15	1.06	0.74	0.29	0.85	-0.19	1.15	0.48
-0.50	-0.50	0.19	-0.22	-0.14	-0.73	-0.62	-0.78	-0.87	-0.43	-0.95	-0.43	-0.14	-0.75	-0.83	-0.72